0	0.007403
1	0.012184
2	0.011662
3	0.012391
4	0.009108
5	0.006689
6	0.011598
7	0.006296
8	0.009722
9	0.009216
10	0.009531
11	0.007112
12	0.010178
13	0.010927
14	0.005640
15	0.011581
16	0.008571
17	0.011855
18	0.013226
19	0.006509
20	0.008085
21	0.012279
22	0.007975
23	0.011375
24	0.012607
25	0.011802
26	0.011840
27	0.007924
28	0.009691
29	0.011617
30	0.008884
31	0.012936
32	0.008750
33	0.012038
34	0.008003
35	0.008123
36	0.012828
37	0.009921
38	0.014245
39	0.013263
40	0.008281
41	0.013009
42	0.004623
43	0.013560
44	0.011016
45	0.011087
46	0.006514
47	0.008994
48	0.008309
49	0.008909
50	0.012322
51	0.012337
52	0.008055
53	0.010288
54	0.013335
55	0.010935
56	0.010023
57	0.008857
58	0.011646
59	0.008384
60	0.007038
61	0.011157
62	0.010101
63	0.006332
64	0.007149
65	0.013087
66	0.007335
67	0.010685
68	0.010013
69	0.014364
70	0.013597
71	0.012965
72	0.011176
73	0.015248
74	0.012551
75	0.005021
76	0.010289
77	0.006391
78	0.005613
79	0.004920
80	0.007156
81	0.008243
82	0.012134
83	0.008559
84	0.010303
85	0.013769
86	0.008626
87	0.008034
88	0.017180
89	0.010087
90	0.015822
91	0.007918
92	0.007167
93	0.010815
94	0.009307
95	0.011957
96	0.005495
97	0.007504
98	0.006630
99	0.012202
