0	0.007399
1	0.012189
2	0.011671
3	0.012389
4	0.009114
5	0.006691
6	0.011603
7	0.006298
8	0.009718
9	0.009218
10	0.009534
11	0.007114
12	0.010169
13	0.010918
14	0.005643
15	0.011584
16	0.008570
17	0.011850
18	0.013226
19	0.006504
20	0.008081
21	0.012278
22	0.007966
23	0.011372
24	0.012608
25	0.011804
26	0.011839
27	0.007926
28	0.009688
29	0.011623
30	0.008879
31	0.012941
32	0.008750
33	0.012035
34	0.008005
35	0.008120
36	0.012833
37	0.009920
38	0.014237
39	0.013260
40	0.008278
41	0.013002
42	0.004621
43	0.013558
44	0.011021
45	0.011089
46	0.006514
47	0.008993
48	0.008309
49	0.008901
50	0.012328
51	0.012338
52	0.008055
53	0.010288
54	0.013319
55	0.010938
56	0.010017
57	0.008855
58	0.011636
59	0.008387
60	0.007034
61	0.011158
62	0.010103
63	0.006333
64	0.007151
65	0.013083
66	0.007341
67	0.010686
68	0.010022
69	0.014353
70	0.013602
71	0.012978
72	0.011174
73	0.015245
74	0.012573
75	0.005021
76	0.010299
77	0.006397
78	0.005614
79	0.004919
80	0.007158
81	0.008240
82	0.012131
83	0.008558
84	0.010299
85	0.013755
86	0.008626
87	0.008034
88	0.017175
89	0.010085
90	0.015828
91	0.007923
92	0.007170
93	0.010812
94	0.009309
95	0.011963
96	0.005493
97	0.007509
98	0.006635
99	0.012198
