0	0.006539
1	0.011806
2	0.010530
3	0.011489
4	0.008121
5	0.005884
6	0.012927
7	0.006610
8	0.009042
9	0.008308
10	0.010021
11	0.006889
12	0.010111
13	0.010219
14	0.005477
15	0.011264
16	0.008631
17	0.012958
18	0.011440
19	0.006707
20	0.007753
21	0.012773
22	0.007731
23	0.011754
24	0.012238
25	0.010456
26	0.011361
27	0.008049
28	0.008882
29	0.012414
30	0.010212
31	0.014522
32	0.008414
33	0.012419
34	0.007675
35	0.007836
36	0.011931
37	0.011882
38	0.014899
39	0.012817
40	0.008708
41	0.013461
42	0.005203
43	0.014315
44	0.010489
45	0.010520
46	0.006969
47	0.009376
48	0.008808
49	0.010119
50	0.013427
51	0.012861
52	0.007506
53	0.011262
54	0.014139
55	0.012300
56	0.009849
57	0.008343
58	0.011747
59	0.008842
60	0.006757
61	0.010526
62	0.009125
63	0.005764
64	0.007889
65	0.012648
66	0.007210
67	0.011286
68	0.010673
69	0.014077
70	0.012692
71	0.011952
72	0.011520
73	0.015314
74	0.012317
75	0.005229
76	0.009524
77	0.007014
78	0.005122
79	0.004997
80	0.007081
81	0.008809
82	0.011740
83	0.009547
84	0.009812
85	0.014114
86	0.008837
87	0.007723
88	0.016759
89	0.009345
90	0.014662
91	0.008056
92	0.006739
93	0.011909
94	0.009714
95	0.013171
96	0.005467
97	0.006447
98	0.006350
99	0.012852
