0	0.007448
1	0.011983
2	0.011686
3	0.012394
4	0.009078
5	0.006753
6	0.011693
7	0.006330
8	0.009557
9	0.009203
10	0.009583
11	0.007110
12	0.010121
13	0.010928
14	0.005572
15	0.011583
16	0.008628
17	0.011979
18	0.013223
19	0.006445
20	0.008071
21	0.012237
22	0.007961
23	0.011463
24	0.012614
25	0.011845
26	0.011831
27	0.007793
28	0.009750
29	0.011690
30	0.008829
31	0.012933
32	0.008825
33	0.012044
34	0.008045
35	0.008157
36	0.012791
37	0.009988
38	0.014217
39	0.013223
40	0.008264
41	0.013047
42	0.004611
43	0.013515
44	0.010943
45	0.011085
46	0.006515
47	0.009005
48	0.008390
49	0.008888
50	0.012305
51	0.012438
52	0.008075
53	0.010261
54	0.013184
55	0.010975
56	0.010009
57	0.008838
58	0.011767
59	0.008369
60	0.007071
61	0.011105
62	0.010087
63	0.006364
64	0.007157
65	0.013232
66	0.007375
67	0.010661
68	0.010043
69	0.014316
70	0.013638
71	0.012944
72	0.011158
73	0.015275
74	0.012500
75	0.005006
76	0.010173
77	0.006428
78	0.005650
79	0.004985
80	0.007184
81	0.008220
82	0.012157
83	0.008537
84	0.010245
85	0.013749
86	0.008638
87	0.008057
88	0.017005
89	0.010171
90	0.015783
91	0.008026
92	0.007128
93	0.010759
94	0.009303
95	0.011973
96	0.005483
97	0.007486
98	0.006632
99	0.012208
