0	0.007405
1	0.012214
2	0.011673
3	0.012371
4	0.009103
5	0.006685
6	0.011589
7	0.006292
8	0.009710
9	0.009213
10	0.009539
11	0.007108
12	0.010173
13	0.010921
14	0.005641
15	0.011581
16	0.008563
17	0.011857
18	0.013210
19	0.006514
20	0.008075
21	0.012307
22	0.007965
23	0.011377
24	0.012613
25	0.011798
26	0.011834
27	0.007921
28	0.009677
29	0.011672
30	0.008890
31	0.012927
32	0.008709
33	0.012032
34	0.008016
35	0.008104
36	0.012799
37	0.009907
38	0.014240
39	0.013247
40	0.008271
41	0.012981
42	0.004621
43	0.013597
44	0.011013
45	0.011081
46	0.006524
47	0.008977
48	0.008283
49	0.008880
50	0.012309
51	0.012325
52	0.008056
53	0.010284
54	0.013308
55	0.010934
56	0.010029
57	0.008867
58	0.011610
59	0.008407
60	0.007026
61	0.011172
62	0.010112
63	0.006329
64	0.007163
65	0.013074
66	0.007351
67	0.010690
68	0.010022
69	0.014341
70	0.013587
71	0.013007
72	0.011200
73	0.015271
74	0.012561
75	0.005017
76	0.010277
77	0.006394
78	0.005628
79	0.004926
80	0.007176
81	0.008257
82	0.012106
83	0.008572
84	0.010294
85	0.013742
86	0.008624
87	0.008047
88	0.017164
89	0.010094
90	0.015837
91	0.007937
92	0.007184
93	0.010825
94	0.009328
95	0.012006
96	0.005496
97	0.007505
98	0.006638
99	0.012193
