0	0.007398
1	0.012190
2	0.011670
3	0.012388
4	0.009116
5	0.006690
6	0.011603
7	0.006297
8	0.009721
9	0.009215
10	0.009532
11	0.007113
12	0.010171
13	0.010922
14	0.005644
15	0.011583
16	0.008570
17	0.011848
18	0.013230
19	0.006506
20	0.008080
21	0.012278
22	0.007966
23	0.011372
24	0.012607
25	0.011803
26	0.011838
27	0.007929
28	0.009687
29	0.011621
30	0.008880
31	0.012941
32	0.008752
33	0.012036
34	0.008006
35	0.008120
36	0.012833
37	0.009920
38	0.014235
39	0.013260
40	0.008279
41	0.013004
42	0.004620
43	0.013556
44	0.011018
45	0.011086
46	0.006515
47	0.008991
48	0.008310
49	0.008902
50	0.012328
51	0.012337
52	0.008055
53	0.010288
54	0.013323
55	0.010938
56	0.010019
57	0.008855
58	0.011637
59	0.008388
60	0.007034
61	0.011158
62	0.010105
63	0.006333
64	0.007150
65	0.013082
66	0.007342
67	0.010689
68	0.010021
69	0.014356
70	0.013600
71	0.012975
72	0.011175
73	0.015245
74	0.012572
75	0.005021
76	0.010297
77	0.006394
78	0.005614
79	0.004919
80	0.007157
81	0.008241
82	0.012130
83	0.008557
84	0.010303
85	0.013757
86	0.008627
87	0.008032
88	0.017174
89	0.010086
90	0.015830
91	0.007922
92	0.007171
93	0.010811
94	0.009308
95	0.011962
96	0.005493
97	0.007507
98	0.006635
99	0.012197
