0	0.007611
1	0.012308
2	0.011842
3	0.012320
4	0.009330
5	0.006709
6	0.011002
7	0.006490
8	0.009604
9	0.009432
10	0.009517
11	0.007291
12	0.010341
13	0.011466
14	0.005517
15	0.011793
16	0.008465
17	0.011583
18	0.012791
19	0.006229
20	0.008136
21	0.012030
22	0.008167
23	0.011359
24	0.012849
25	0.011577
26	0.011735
27	0.008057
28	0.009766
29	0.011567
30	0.008889
31	0.012992
32	0.008415
33	0.011996
34	0.008016
35	0.008243
36	0.012401
37	0.009861
38	0.014562
39	0.013599
40	0.008418
41	0.012901
42	0.004585
43	0.013612
44	0.011295
45	0.011424
46	0.006478
47	0.009375
48	0.008042
49	0.008943
50	0.012343
51	0.012072
52	0.008177
53	0.010062
54	0.013055
55	0.011000
56	0.009977
57	0.008864
58	0.011626
59	0.008159
60	0.007085
61	0.011677
62	0.010222
63	0.005998
64	0.007243
65	0.013155
66	0.007179
67	0.010579
68	0.009788
69	0.014295
70	0.013341
71	0.012829
72	0.011343
73	0.015041
74	0.012055
75	0.005257
76	0.010115
77	0.006517
78	0.005474
79	0.004943
80	0.007011
81	0.008314
82	0.012194
83	0.008791
84	0.010250
85	0.013560
86	0.008428
87	0.008051
88	0.017449
89	0.010036
90	0.016146
91	0.007853
92	0.007068
93	0.010785
94	0.009246
95	0.011954
96	0.005706
97	0.007562
98	0.006963
99	0.012232
