0 6,14,16,19,29,37,57,65,81,87,88
1 23,25,28,32,35,48,49,54,58,69,89
2 34,40,41,57,66,68,72,84,86,89,92
3 6,19,26,30,33,38,56,62,67,70,71,77,90
4 21,32,36,58,66,73
5 6,7,17,29,42,51,53,67,68,86,89
6 1,24,27,39,54,62,64,73,76,84,92
7 23,24,31,52,68,72,77,91
8 6,11,31,54,58,70,74,76,85
9 21,23,32,35,39,41,53,73,90
10 2,18,25,29,30,44,52,78,79,89
11 4,20,22,28,31,35,36,49,56,59,66,77,79
12 24,26,31,40,53,64,65,68,70,73,76,82,88
13 3,10,23,28,33,48,58,63,65,71,73
14 6,12,16,30,33,38,53,56,84,86,94
15 1,3,7,25,43,61,66,73,81,85,96,99
16 24,25,30,40,43,51,56,63,72,81,92
17 9,15,21,28,38,45,57,61,72,73,99
18 25,44,48,52,54,59,60,63,65,73,78,82,93,94
19 1,23,43,50,53,83,88
20 2,6,27,32,34,40,42,44,51,56,62,73,76,89
21 8,11,26,28,33,51,57,82,90
22 17,38,64,87
23 9,12,16,29,38,43,69,71,79,89,95
24 0,2,5,15,18,22,26,38,56,57,60,61,69,73,75,99
25 1,18,21,39,70,71,72
26 9,31,57,64,65,69,71,91,92,99
27 15,37,50,55,82
28 10,37,68,74,80,95
29 3,22,23,38,58,65
30 7,39,45,47
31 0,1,3,11,15,24,35,39,46,49,50,61,65,70,89,90
32 1,50,71,74,95
33 10,11,12,13,25,31,55,59,60,76,90,91,92,94,96
34 15,19,30,31,36,41,45,50,54,56,59,81,85
35 6,29,70,83
36 3,8,14,74,76
37 8,11,13,26,33,41,48,52,83,84,89,93,94,96,98
38 0,5,9,13,17,20,29,44,50,65,67,71,80,87
39 2,16,17,24,34,41,62,74
40 7,21,23,26,28,35,37,55,60,65,71,81,90
41 2,31,47,66,82,90,97
42 10,39,41,47,49,51,69,93,95
43 0,1,20,41,60,70,85,93
44 41,50,51,53,62,69,86
45 6,18,23,51,70
46 0,6,12,13,26,34,39,41,43,54,73,75
47 2,12,26,27,34,39,48,50,52,58,68,71,72,78,79,80,83,91,95
48 1,23,27,55,59,62,66,68,74
49 9,24,37,40,44,45,50,57,58,75,77
50 4,13,90,98
51 2,21,29,34,44,53,87
52 15,17,25,68,85,93,94
53 10,16,18,32,61,75,81,86
54 3,9,36,38,44,68,88,97,99
55 15,28,34,38,43,47,56,58,61,62,65,72,83
56 3,15,39,41,42,69,76,81
57 9,10,18,20,24,34,38,47,49,69,70,97
58 11,23,29,43,56,59,61,67,86,89,97
59 41,42,43,44,47,49,50,54,58,69,73,80,86,88
60 4,10,24,29,35,51,72,74,76,90,93
61 3,29,45,47,48,51,78,79,89,91,95
62 9,16,25,30,32,33,36,45,51,54,55,58,63,84
63 19,26,30,31,49,53,54,93
64 5,29,43,45,52,54,57,72,83,84,95
65 0,25,43,78,80,88,91,94,95
66 20,24,46,54,59,88,96,99
67 22,61,72,88
68 1,8,12,14,15,19,40,69,81,88
69 4,20,21,36,45,46,76,98,99
70 1,18,26,33,36,39,45,46,55,57,62,73,88
71 8,12,13,19,54,56,69
72 9,10,17,21,33,37,54,58,60,67,99
73 12,24,36,43,52,53,83,85,87,93
74 4,18,27,33,67,84,85,90
75 30,43,48,60,65,91,93,94
76 2,27,31,36,41,48,67,68,88
77 13,31,37,38,64,67,90
78 21,26,27,29,37,38,43,48,67,80,84,86
79 21,33,46,55,95,98,99
80 8,21,41,83,88,93
81 0,10,14,22,28,42,44,51,61,65,73,77,99
82 5,7,10,15,28,36,55,91,92,93
83 2,12,31,55,73,82,85
84 8,22,36,43,47,49,55,63,80,95
85 2,15,35,45,51,70,71,77,88
86 12,20,30,31,61,67,69
87 17,85
88 5,18,25,26,32,39,52,65,74,84
89 43,50,73,82,90,94
90 6,16,18,24,26,28,59,63,82,84,86,89,97
91 5,26,54,55,64,69,71,73,81,84,95
92 6,36,37,38,40,44,50,99
93 24,27,38,40,82,94,95,96
94 1,3,13,16,17,37,40,54,70,72,75,87,97
95 13,30,35,39,49,56,62,88
96 3,16,31,33,49,55,59,74,77,82,99
97 3,6,18,32,37,48,49,51,54,59,74,85,92
98 11,33,46,53,58,65,67,99
99 4,25,33,44,69,71,88,90
